-155.8137418944998
-155.8233636468301
-156.14625208995093
-156.35794679750109
-156.35794679750109
-156.37492161242062
-156.48167161504242
-156.54163887140209
-156.65102123569625
-156.65102123569625
-156.65102123569625
-156.66360087733972
-156.66360087733972
-156.66360087733972
-156.66360087733972
-156.66360087733972
-156.66360087733972
-156.66360087733972
-156.66360087733972
-156.66360087733972
-156.66430222540504
-156.66430222540504
-156.66430222540504
-156.66451367089712
-156.66451367089712
-156.66451367089712
-156.66451367089712
-156.66451367089712
-156.66451367089712
-156.66451367089712
-156.66451367089712
-156.6646036590724
-156.6646514560653
-156.6646514560653
-156.6646514560653
-156.6646514560653
-156.6646514560653
-156.6646514560653
-156.6646514560653
-156.6646514560653
-156.6646514560653
-156.6646514560653
-156.66464680043882
-156.66464680043882
-156.66464680043882
-156.6646575575332
-156.66466142021906
-156.664662483999
-156.664662483999
-156.664662483999
-156.664662483999
-156.6646625310219
-156.6646625310219
-156.6646625310219
-156.6646625310219
-156.6646625310219
-156.6646625310219
-156.66466278498137
-156.66466278498137
-156.66466280459522
-156.66466280459522
-156.66466280459522
-156.66466280459522
-156.66466281004355
-156.66466281004355
-156.66466281317605
-156.66466281317605
-156.66466281505933
-156.66466281505933
-156.66466281505933
-156.66466281505933
-156.66466281505933
-156.66466281505933
-156.66466281505933
-156.66466281505933
-156.66466281505933
-156.66466281505933
-156.66466281508391
-156.66466281508391
-156.66466281508391
-156.66466281508391
-156.66466281508391
-156.66466281508391
-156.66466281508391
-156.66466281508414
-156.66466281508414
-156.66466281508414
-156.66466281508414
-156.66466281508414
-156.66466281508414
-156.66466281508414
-156.66466281508517
-156.6646628150856
-156.6646628150856
-156.6646628150856
-156.6646628150856
-156.66466281508565
-156.66466281508565
-156.66466281508565
-156.66466281508565
-156.66466281508565
-156.66466281508565
-156.66466281508565
-156.66466281508565
-156.66466281508565
-156.66466281508565
-156.66466281508565
-156.66466281508565
-156.66466281508565
-156.66466281508565
-156.66466281508565
-156.66466281508568
-156.66466281508568
-156.66466281508568
-156.66466281508568
-156.66466281508568
-156.66466281508568
-156.66466281508568
-156.66466281508568
-156.66466281508568
-156.66466281508568
-156.66466281508568
-156.66466281508568
-156.66466281508568
-156.66466281508568
-156.66466281508568
-156.6646628150857
-156.6646628150857
-156.6646628150857
-156.6646628150857
-156.6646628150857
-156.6646628150857
-156.6646628150857
-156.6646628150857
-156.6646628150857
-156.6646628150857
-156.66466281508568
-156.66466281508568
-156.66466281508568
-156.66466281508568
-156.66466281508568
-156.66466281508568
-156.66466281508568
-156.66466281508568
-156.66466281508568
-156.66466281508568
-156.66466281508568
-156.66466281508568
-156.66466281508568
-156.66466281508568
-156.66466281508568
-156.66466281508568
-156.66466281508565
-156.66466281508565
-156.66466281508565
-156.66466281508565
-156.66466281508565
-156.66466281508565
-156.66466281508565
-156.66466281508565
-156.6646628150856
-156.6646628150856
-156.6646628150856
-156.6646628150856
-156.6646628150856
-156.6646628150856
-156.6646628150856
-156.6646628150856
-156.6646628150856
-156.6646628150856
-156.66466281508434
-156.66466281508434
-156.66466281508434
-156.66466281508434
-156.66466281508434
-156.66466281508434
-156.66466281508536
-156.6646628150855
-156.6646628150855
-156.6646628150855
-156.6646628150855
-156.6646628150855
-156.6646628150855
-156.6646628150856
-156.66466281508565
-156.66466281508565
-156.66466281508565
-156.66466281508565
-156.66466281508565
-156.66466281508565
-156.66466281508565
-156.66466281508565
-156.66466281508565
-156.66466281508565
-156.66466281508565
-156.66466281508565
-156.66466281508565
-156.66466281508565
-156.66466281508565
-156.66466281508565
-156.66466281508565
-156.66466281508565
-156.66466281508565
-156.66466281508565
-156.66466281508565
-156.66466281508565
-156.66466281508565
-156.66466281508565
-156.66466281508565
-156.66466281508565
-156.66466281508565
-156.66466281508565
-156.66466281508565
-156.66466281508565
-156.66466281508565
-156.66466281508565
-156.66466281508568
-156.66466281508568
-156.66466281508568
-156.66466281508568
-156.66466281508568
-156.66466281508568
-156.66466281508568
-156.66466281508568
-156.66466281508568
-156.66466281508568
-156.66466281508565
-156.66466281508565
-156.66466281508565
-156.66466281508565
-156.66466281508565
-156.66466281508565
-156.66466281508565
-156.66466281508565
-156.66466281508565
-156.66466281508565
-156.66466281508565
-156.66466281508565
-156.66466281508565
-156.66466281508565
-156.66466281508565
-156.66466281508565
-156.66466281508565
-156.66466281508565
-156.66466281508565
-156.66466281508565
-156.66466281508565
-156.66466281508565
-156.66466281508565
-156.66466281508565
-156.66466281508565
-156.66466281508565
-156.66466281508565
-156.66466281508565
-156.66466281508565
-156.66466281508565
-156.66466281508565
-156.66466281508565
-156.66466281508565
-156.66466281508565
-156.66466281508565
-156.66466281508565
-156.66466281508565
-156.66466281508565
-156.66466281508565
-156.66466281508565
-156.66466281508565
-156.66466281508565
-156.66466281508565
-156.66466281508565
-156.66466281508565
-156.66466281508565
-156.66466281508565
-156.66466281508565
-156.66466281508565
-156.66466281508565
-156.66466281508565
-156.66466281508565
-156.66466281508565
-156.66466281508565
-156.66466281508565
-156.66466281508565
-156.66466281508565
-156.66466281508565
-156.66466281508565
-156.66466281508565
-156.66466281508565
-156.66466281508565
-156.66466281508565
-156.66466281508565
-156.66466281508565
-156.66466281508565
-156.66466281508565
-156.66466281508565
-156.66466281508565
-156.66466281508565
-156.66466281508565
-156.66466281508565
-156.66466281508565
-156.66466281508565
-156.66466281508562
-156.66466281508565
-156.66466281508565
-156.66466281508565
-156.66466281508565
-156.66466281508565
-156.66466281508565
-156.66466281508565
-156.66466281508565
-156.66466281508565
-156.66466281508565
-156.66466281508565
-156.66466281508565
-156.66466281508565
-156.66466281508565
-156.66466281508565
-156.66466281508565
-156.66466281508565
-156.66466281508565
-156.66466281508565
-156.66466281508565
-156.66466281508565
-156.66466281508565
-156.66466281508565
-156.66466281508565
-156.66466281508565
-156.66466281508565
-156.66466281508565
-156.66466281508565
-156.66466281508565
-156.66466281508565
-156.66466281508565
-156.66466281508565
-156.66466281508565
-156.66466281508565
-156.66466281508565
-156.66466281508565
-156.66466281508565
-156.66466281508565
-156.66466281508565
-156.66466281508565
-156.66466281508565
-156.66466281508565
-156.66466281508565
-156.66466281508565
-156.66466281508565
-156.66466281508565
-156.66466281508565
-156.66466281508565
-156.66466281508565
-156.66466281508565
-156.66466281508565
-156.66466281508565
-156.66466281508565
-156.66466281508565
-156.66466281508565
-156.66466281508565
-156.66466281508565
-156.66466281508565
-156.66466281508565
-156.66466281508565
-156.66466281508565
-156.66466281508565
-156.66466281508565
-156.66466281508565
-156.66466281508565
-156.66466281508565
-156.66466281508565
-156.66466281508565
-156.66466281508565
-156.66466281508565
-156.66466281508565
-156.66466281508565
-156.66466281508565
-156.66466281508565
-156.66466281508565
-156.66466281508565
-156.66466281508565
-156.66466281508565
-156.66466281508568
-156.66466281508568
-156.66466281508568
-156.66466281508568
-156.66466281508568
-156.66466281508568
-156.66466281508568
-156.66466281508568
-156.66466281508568
-156.66466281508568
-156.66466281508568
-156.66466281508568
-156.66466281508568
-156.66466281508568
-156.66466281508568
-156.66466281508568
-156.66466281508568
-156.66466281508568
-156.66466281508568
-156.66466281508568
-156.66466281508568
-156.66466281508568
-156.66466281508568
-156.66466281508568
-156.66466281508565
-156.66466281508565
-156.66466281508565
-156.66466281508565
-156.66466281508565
-156.66466281508565
-156.66466281508565
-156.66466281508565
-156.66466281508565
-156.66466281508565
-156.66466281508565
-156.66466281508565
-156.66466281508565
-156.66466281508565
-156.66466281508565
-156.66466281508565
-156.66466281508565
-156.66466281508565
-156.66466281508565
-156.66466281508565
-156.66466281508565
-156.66466281508565
-156.66466281508565
-156.66466281508565
-156.66466281508565
-156.66466281508565
-156.66466281508565
-156.66466281508565
-156.66466281508562
-156.66466281508562
-156.66466281508562
-156.66466281508562
-156.66466281508562
-156.66466281508553
-156.66466281508553
-156.66466281508553
-156.66466281508553
-156.66466281508553
-156.66466281508553
-156.66466281508553
-156.66466281508553
-156.66466281508553
-156.66466281508553
-156.66466281508562
-156.66466281508562
-156.66466281508562
-156.66466281508562
-156.66466281508562
-156.66466281508562
-156.66466281508565
-156.66466281508565
-156.66466281508565
-156.66466281508565
-156.66466281508565
-156.66466281508565
-156.66466281508565
-156.66466281508565
-156.66466281508565
-156.66466281508565
-156.66466281508565
-156.66466281508565
-156.66466281508565
-156.66466281508565
-156.66466281508565
-156.66466281508565
-156.66466281508565
-156.66466281508565
-156.66466281508565
-156.66466281508565
-156.66466281508565
-156.66466281508565
-156.66466281508565
-156.66466281508565
-156.66466281508565
-156.66466281508565
-156.66466281508565
-156.66466281508565
-156.66466281508565
-156.66466281508565
-156.66466281508565
-156.66466281508565
-156.66466281508565
-156.66466281508565
-156.66466281508565
-156.66466281508565
-156.66466281508565
-156.66466281508565
-156.66466281508565
-156.66466281508565
-156.66466281508565
-156.66466281508565
-156.66466281508565
-156.66466281508565
-156.66466281508565
-156.66466281508565
-156.66466281508565
-156.66466281508565
-156.66466281508565
-156.66466281508565
-156.66466281508565
-156.66466281508565
-156.66466281508565
-156.66466281508565
-156.66466281508565
-156.66466281508565
-156.66466281508565
-156.66466281508565
-156.66466281508565
-156.66466281508565
-156.66466281508565
-156.66466281508565
-156.66466281508565
-156.66466281508565
-156.66466281508565
-156.66466281508565
-156.66466281508565
-156.66466281508565
-156.66466281508565
-156.66466281508565
-156.66466281508565
-156.66466281508565
-156.66466281508565
-156.66466281508565
-156.66466281508565
-156.66466281508565
-156.66466281508565
-156.66466281508562
-156.66466281508562
-156.66466281508562
-156.66466281508562
-156.66466281508562
-156.66466281508562
-156.66466281508565
-156.66466281508565
-156.66466281508565
-156.66466281508565
-156.66466281508565
-156.66466281508565
-156.66466281508565
-156.66466281508565
-156.66466281508565
-156.66466281508565
-156.66466281508548
-156.66466281508565
-156.66466281508565
-156.66466281508565
-156.66466281508565
-156.66466281508565
-156.66466281508565
-156.66466281508565
-156.66466281508565
-156.66466281508565
-156.66466281508565
-156.66466281508565
-156.66466281508565
-156.66466281508565
-156.66466281508565
-156.66466281508565
-156.66466281508565
-156.66466281508565
-156.66466281508565
-156.66466281508565
-156.66466281508565
-156.66466281508565
-156.66466281508565
-156.66466281508565
-156.66466281508565
-156.66466281508565
-156.66466281508565
-156.66466281508565
-156.66466281508565
-156.66466281508565
-156.66466281508565
-156.66466281508565
-156.66466281508565
-156.66466281508565
-156.66466281508565
-156.66466281508565
-156.66466281508565
-156.66466281508565
-156.66466281508565
-156.66466281508565
-156.66466281508565
-156.66466281508565
-156.66466281508565
-156.66466281508565
-156.66466281508565
-156.66466281508565
-156.66466281508565
-156.66466281508565
-156.66466281508565
-156.66466281508565
-156.66466281508565
-156.66466281508565
-156.66466281508565
-156.66466281508565
-156.66466281508565
-156.66466281508565
-156.66466281508565
-156.66466281508565
-156.66466281508565
-156.66466281508565
-156.66466281508565
-156.66466281508565
-156.66466281508565
-156.66466281508565
-156.66466281508565
-156.66466281508565
-156.66466281508565
-156.66466281508565
-156.66466281508565
-156.66466281508565
-156.66466281508565
-156.66466281508565
-156.66466281508565
-156.66466281508565
-156.66466281508568
-156.66466281508568
-156.66466281508568
-156.66466281508568
-156.66466281508568
-156.66466281508568
-156.66466281508568
-156.66466281508568
-156.66466281508568
-156.66466281508568
-156.6646628150856
-156.6646628150856
-156.66466281508556
-156.66466281508565
-156.66466281508565
-156.66466281508565
-156.66466281508565
-156.66466281508565
-156.66466281508565
-156.66466281508565
-156.66466281508565
-156.66466281508565
-156.66466281508565
-156.66466281508565
-156.66466281508565
-156.66466281508565
-156.66466281508565
-156.66466281508565
-156.66466281508565
-156.66466281508565
-156.66466281508565
-156.66466281508565
-156.66466281508565
-156.66466281508565
-156.66466281508542
-156.66466281508562
-156.66466281508562
-156.66466281508562
-156.66466281508562
-156.66466281508562
-156.66466281508562
-156.66466281508562
-156.66466281508562
-156.66466281508562
-156.66466281508562
-156.66466281508565
-156.66466281508565
-156.66466281508568
-156.66466281508568
-156.66466281508568
-156.66466281508568
-156.66466281508568
-156.66466281508568
-156.66466281508568
-156.66466281508568
-156.66466281508568
-156.66466281508568
-156.66466281508565
-156.66466281508565
-156.66466281508565
-156.66466281508565
-156.66466281508565
-156.66466281508565
-156.66466281508565
-156.66466281508565
-156.66466281508565
-156.66466281508565
-156.66466281508565
-156.66466281508565
-156.66466281508565
-156.66466281508565
-156.66466281508565
-156.66466281508565
-156.66466281508565
-156.66466281508565
-156.66466281508565
-156.66466281508565
-156.66466281508565
-156.66466281508565
-156.66466281508565
-156.66466281508565
-156.66466281508565
-156.66466281508565
-156.66466281508565
-156.66466281508565
-156.66466281508565
-156.66466281508565
-156.66466281508565
-156.66466281508565
-156.66466281508565
-156.66466281508565
-156.66466281508565
-156.66466281508565
-156.66466281508565
-156.66466281508565
-156.66466281508565
-156.66466281508565
-156.66466281508565
-156.66466281508565
-156.66466281508565
-156.66466281508565
-156.66466281508565
-156.66466281508565
-156.66466281508565
-156.66466281508565
-156.66466281508565
-156.66466281508565
-156.66466281508565
-156.66466281508565
-156.66466281508565
-156.66466281508565
-156.66466281508565
-156.66466281508565
-156.66466281508565
-156.66466281508565
-156.66466281508565
-156.66466281508565
-156.66466281508565
-156.66466281508565
-156.66466281508565
-156.66466281508565
-156.66466281508565
-156.66466281508565
-156.66466281508565
-156.66466281508565
-156.66466281508565
-156.66466281508565
-156.66466281508565
-156.66466281508565
-156.66466281508565
-156.66466281508565
-156.66466281508565
-156.66466281508565
-156.66466281508565
-156.66466281508565
-156.66466281508565
-156.66466281508565
-156.66466281508565
-156.66466281508565
-156.66466281508565
-156.66466281508565
-156.66466281508565
-156.66466281508565
-156.66466281508565
-156.66466281508565
-156.66466281508565
-156.66466281508565
-156.66466281508565
-156.66466281508565
-156.66466281508565
-156.66466281508565
-156.66466281508565
-156.6646628150856
-156.66466281508565
-156.66466281508565
-156.66466281508565
-156.66466281508565
-156.66466281508565
-156.66466281508565
-156.66466281508565
-156.66466281508565
-156.66466281508565
-156.66466281508565
-156.66466281508565
-156.66466281508565
-156.66466281508565
-156.66466281508565
-156.66466281508565
-156.66466281508565
-156.66466281508565
-156.66466281508565
-156.66466281508565
-156.66466281508565
-156.66466281508565
-156.66466281508565
-156.66466281508565
-156.66466281508565
-156.66466281508565
-156.66466281508565
-156.66466281508565
-156.66466281508565
-156.66466281508565
-156.66466281508562
-156.66466281508562
-156.66466281508562
-156.66466281508562
-156.66466281508562
-156.66466281508562
-156.66466281508562
-156.66466281508562
-156.66466281508565
-156.66466281508565
-156.66466281508565
-156.66466281508565
-156.66466281508565
-156.66466281508565
-156.66466281508565
-156.66466281508565
-156.66466281508565
-156.66466281508565
-156.66466281508565
-156.66466281508565
-156.66466281508565
-156.66466281508565
-156.66466281508565
-156.66466281508565
-156.66466281508568
-156.66466281508568
-156.66466281508568
-156.66466281508568
-156.66466281508568
-156.66466281508568
-156.66466281508568
-156.66466281508568
-156.66466281508568
-156.66466281508568
-156.66466281508565
-156.66466281508565
-156.66466281508565
-156.66466281508565
-156.66466281508565
-156.66466281508565
-156.66466281508565
-156.66466281508565
-156.66466281508565
-156.66466281508565
-156.66466281508565
-156.66466281508565
-156.66466281508565
-156.66466281508565
-156.66466281508565
-156.66466281508565
-156.66466281508565
-156.66466281508565
-156.66466281508565
-156.66466281508565
-156.66466281508565
-156.66466281508565
-156.66466281508565
-156.6646628150856
-156.6646628150856
-156.6646628150856
-156.6646628150856
-156.6646628150856
-156.6646628150856
-156.6646628150856
-156.6646628150856
-156.6646628150856
-156.6646628150856
-156.6646628150856
-156.6646628150856
-156.66466281508565
-156.66466281508565
-156.66466281508565
-156.66466281508565
-156.66466281508565
-156.66466281508565
-156.66466281508565
-156.66466281508565
-156.66466281508565
-156.66466281508565
-156.66466281508565
-156.66466281508565
-156.66466281508565
-156.66466281508565
-156.66466281508565
-156.66466281508565
-156.66466281508565
-156.66466281508565
-156.66466281508565
-156.66466281508565
-156.66466281508565
-156.66466281508565
-156.66466281508565
-156.66466281508565
-156.66466281508565
-156.66466281508565
-156.66466281508565
-156.66466281508565
-156.66466281508565
-156.66466281508565
-156.66466281508568
-156.66466281508568
-156.66466281508568
-156.66466281508568
-156.66466281508568
-156.66466281508568
-156.66466281508568
-156.66466281508568
-156.66466281508568
-156.66466281508568
-156.66466281508565
-156.66466281508565
-156.66466281508565
-156.66466281508565
-156.66466281508565
-156.66466281508565
-156.66466281508565
-156.66466281508565
-156.66466281508565
-156.66466281508565
-156.66466281508565
-156.66466281508565
-156.66466281508565
-156.66466281508565
-156.66466281508565
-156.66466281508565
-156.66466281508565
-156.66466281508565
-156.66466281508565
-156.66466281508565
-156.66466281508565
-156.66466281508565
-156.66466281508565
-156.66466281508565
-156.66466281508565
-156.66466281508565
-156.66466281508565
-156.66466281508565
-156.66466281508565
-156.66466281508565
-156.66466281508565
-156.66466281508565
-156.66466281508565
-156.66466281508565
-156.66466281508565
-156.66466281508565
-156.66466281508565
-156.66466281508565
-156.66466281508565
-156.66466281508565
-156.66466281508565
-156.66466281508565
-156.66466281508565
-156.66466281508565
-156.66466281508565
-156.66466281508565
-156.66466281508565
-156.66466281508565
-156.66466281508565
-156.66466281508565
-156.66466281508565
-156.66466281508565
-156.66466281508565
-156.66466281508565
-156.66466281508565
-156.66466281508565
-156.66466281508565
-156.66466281508565
-156.66466281508565
-156.66466281508565
-156.66466281508565
-156.66466281508565
-156.66466281508565
-156.66466281508565
-156.66466281508565
-156.66466281508565
-156.66466281508565
-156.66466281508565
-156.66466281508565
-156.66466281508565
-156.66466281508565
-156.66466281508565
-156.66466281508565
-156.66466281508565
-156.66466281508565
-156.66466281508565
-156.66466281508565
-156.66466281508565
-156.66466281508565
-156.66466281508565
-156.66466281508565
-156.66466281508565
-156.66466281508565
-156.66466281508565
-156.66466281508562
-156.66466281508562
-156.66466281508562
-156.66466281508562
-156.66466281508565
-156.66466281508565
