-147.85060170524642
-154.24563272847365
-156.4406784649158
-156.65655956357125
-156.65655956357125
-156.66324754663455
-156.66324754663455
-156.6646209329459
-156.6646209329459
-156.6646209329459
-156.6646572116478
-156.6646619822517
-156.6646619822517
-156.6646619822517
-156.66466274287308
-156.66466278081253
-156.66466279363223
-156.66466279363223
-156.66466280794668
-156.66466281055676
-156.66466281438866
-156.66466281472577
-156.66466281472577
-156.66466281505996
-156.66466281505996
-156.6646628150757
-156.6646628150844
-156.6646628150848
-156.6646628150848
-156.66466281508522
-156.66466281508562
-156.66466281508565
-156.66466281508565
-156.66466281508565
-156.66466281508565
-156.66466281508565
-156.66466281508565
-156.66466281508565
-156.66466281508568
-156.66466281508568
-156.66466281508568
-156.66466281508568
-156.66466281508568
-156.66466281508568
-156.66466281508568
-156.66466281508568
-156.66466281508568
-156.66466281508568
-156.66466281508568
-156.6646628150857
-156.6646628150857
-156.6646628150857
-156.6646628150857
-156.6646628150857
-156.6646628150857
-156.6646628150857
-156.6646628150857
-156.6646628150857
-156.6646628150857
-156.6646628150857
-156.6646628150857
-156.6646628150857
-156.6646628150857
-156.6646628150857
-156.6646628150857
-156.6646628150857
-156.6646628150857
-156.6646628150857
-156.6646628150857
-156.6646628150857
-156.6646628150857
-156.6646628150857
-156.6646628150857
-156.6646628150857
-156.6646628150857
-156.6646628150857
-156.6646628150857
-156.6646628150857
-156.6646628150857
-156.6646628150857
-156.6646628150857
-156.6646628150857
-156.6646628150857
-156.6646628150857
-156.6646628150857
-156.6646628150857
-156.6646628150857
-156.6646628150857
-156.6646628150857
-156.6646628150857
-156.6646628150857
-156.6646628150857
-156.6646628150857
-156.6646628150857
-156.6646628150857
-156.6646628150857
-156.6646628150857
-156.6646628150857
-156.6646628150857
-156.6646628150857
-156.6646628150857
-156.6646628150857
-156.6646628150857
-156.6646628150857
-156.6646628150857
-156.6646628150857
-156.6646628150857
-156.6646628150857
-156.6646628150857
-156.6646628150857
-156.6646628150857
-156.6646628150857
-156.6646628150857
-156.6646628150857
-156.6646628150857
-156.6646628150857
-156.6646628150857
-156.6646628150857
-156.6646628150857
-156.6646628150857
-156.6646628150857
-156.6646628150857
-156.6646628150857
-156.6646628150857
-156.6646628150857
-156.6646628150857
-156.6646628150857
-156.6646628150857
-156.6646628150857
-156.6646628150857
-156.6646628150857
-156.6646628150857
-156.6646628150857
-156.6646628150857
-156.6646628150857
-156.6646628150857
-156.6646628150857
-156.6646628150857
-156.6646628150857
-156.6646628150857
-156.6646628150857
-156.6646628150857
-156.6646628150857
-156.6646628150857
-156.6646628150857
-156.6646628150857
-156.6646628150857
-156.6646628150857
-156.6646628150857
-156.6646628150857
-156.6646628150857
-156.6646628150857
-156.6646628150857
-156.6646628150857
-156.6646628150857
-156.6646628150857
-156.6646628150857
-156.6646628150857
-156.6646628150857
-156.6646628150857
-156.6646628150857
-156.6646628150857
-156.6646628150857
-156.6646628150857
-156.6646628150857
-156.6646628150857
-156.6646628150857
-156.6646628150857
-156.6646628150857
-156.6646628150857
-156.6646628150857
-156.6646628150857
-156.6646628150857
-156.6646628150857
-156.6646628150857
-156.6646628150857
-156.6646628150857
-156.6646628150857
-156.6646628150857
-156.6646628150857
-156.6646628150857
-156.6646628150857
-156.6646628150857
-156.6646628150857
-156.6646628150857
-156.6646628150857
-156.6646628150857
-156.6646628150857
-156.6646628150857
-156.6646628150857
-156.6646628150857
-156.6646628150857
-156.6646628150857
-156.6646628150857
-156.6646628150857
-156.6646628150857
-156.6646628150857
-156.6646628150857
-156.6646628150857
-156.6646628150857
-156.6646628150857
-156.6646628150857
-156.6646628150857
-156.6646628150857
-156.6646628150857
-156.6646628150857
-156.6646628150857
-156.6646628150857
-156.6646628150857
-156.6646628150857
-156.6646628150857
-156.6646628150857
-156.6646628150857
-156.6646628150857
-156.6646628150857
-156.6646628150857
-156.6646628150857
-156.6646628150857
-156.6646628150857
-156.6646628150857
-156.6646628150857
-156.6646628150857
-156.6646628150857
-156.6646628150857
-156.6646628150857
-156.6646628150857
-156.6646628150857
-156.6646628150857
-156.6646628150857
-156.6646628150857
-156.6646628150857
-156.6646628150857
-156.6646628150857
-156.6646628150857
-156.6646628150857
-156.6646628150857
-156.6646628150857
-156.6646628150857
-156.6646628150857
-156.6646628150857
-156.6646628150857
-156.6646628150857
-156.6646628150857
-156.6646628150857
-156.6646628150857
-156.6646628150857
-156.6646628150857
-156.6646628150857
-156.6646628150857
-156.6646628150857
-156.6646628150857
-156.6646628150857
-156.6646628150857
-156.6646628150857
-156.6646628150857
-156.6646628150857
-156.6646628150857
-156.6646628150857
-156.6646628150857
-156.6646628150857
-156.6646628150857
-156.6646628150857
-156.6646628150857
-156.6646628150857
-156.6646628150857
-156.6646628150857
-156.6646628150857
-156.6646628150857
-156.6646628150857
-156.6646628150857
-156.6646628150857
-156.6646628150857
-156.6646628150857
-156.6646628150857
-156.6646628150857
-156.6646628150857
-156.6646628150857
-156.6646628150857
-156.6646628150857
-156.6646628150857
-156.6646628150857
-156.6646628150857
-156.6646628150857
-156.6646628150857
-156.6646628150857
-156.6646628150857
-156.6646628150857
-156.6646628150857
-156.6646628150857
-156.6646628150857
-156.6646628150857
-156.6646628150857
-156.6646628150857
-156.6646628150857
-156.6646628150857
-156.6646628150857
-156.6646628150857
-156.6646628150857
-156.6646628150857
-156.6646628150857
-156.6646628150857
-156.6646628150857
-156.6646628150857
-156.6646628150857
-156.6646628150857
-156.6646628150857
-156.6646628150857
-156.6646628150857
-156.6646628150857
-156.6646628150857
-156.6646628150857
-156.6646628150857
-156.6646628150857
-156.6646628150857
-156.6646628150857
-156.6646628150857
-156.6646628150857
-156.6646628150857
-156.6646628150857
-156.6646628150857
-156.6646628150857
-156.6646628150857
-156.6646628150857
-156.6646628150857
-156.6646628150857
-156.6646628150857
-156.6646628150857
-156.6646628150857
-156.6646628150857
-156.6646628150857
-156.6646628150857
-156.6646628150857
-156.6646628150857
-156.6646628150857
-156.6646628150857
-156.6646628150857
-156.6646628150857
-156.6646628150857
-156.6646628150857
-156.6646628150857
-156.6646628150857
-156.6646628150857
-156.6646628150857
-156.6646628150857
-156.6646628150857
-156.6646628150857
-156.6646628150857
-156.6646628150857
-156.6646628150857
-156.6646628150857
-156.6646628150857
-156.6646628150857
-156.6646628150857
-156.6646628150857
-156.6646628150857
-156.6646628150857
-156.6646628150857
-156.6646628150857
-156.6646628150857
-156.6646628150857
-156.6646628150857
-156.6646628150857
-156.6646628150857
-156.6646628150857
-156.6646628150857
-156.6646628150857
-156.6646628150857
-156.6646628150857
-156.6646628150857
-156.6646628150857
-156.6646628150857
-156.6646628150857
-156.6646628150857
-156.6646628150857
-156.6646628150857
-156.6646628150857
-156.6646628150857
-156.6646628150857
-156.6646628150857
-156.6646628150857
-156.6646628150857
-156.6646628150857
-156.6646628150857
-156.6646628150857
-156.6646628150857
-156.6646628150857
-156.6646628150857
-156.6646628150857
-156.6646628150857
-156.6646628150857
-156.6646628150857
-156.6646628150857
-156.6646628150857
-156.6646628150857
-156.6646628150857
-156.6646628150857
-156.6646628150857
-156.6646628150857
-156.6646628150857
-156.6646628150857
-156.6646628150857
-156.6646628150857
-156.6646628150857
-156.6646628150857
-156.6646628150857
-156.6646628150857
-156.6646628150857
-156.6646628150857
-156.6646628150857
-156.6646628150857
-156.6646628150857
-156.6646628150857
-156.6646628150857
-156.6646628150857
-156.6646628150857
-156.6646628150857
-156.6646628150857
-156.6646628150857
-156.6646628150857
-156.6646628150857
-156.6646628150857
-156.6646628150857
-156.6646628150857
-156.6646628150857
-156.6646628150857
-156.6646628150857
-156.6646628150857
-156.6646628150857
-156.6646628150857
-156.6646628150857
-156.6646628150857
-156.6646628150857
-156.6646628150857
-156.6646628150857
-156.6646628150857
-156.6646628150857
-156.6646628150857
-156.6646628150857
-156.6646628150857
-156.6646628150857
-156.6646628150857
-156.6646628150857
-156.6646628150857
-156.6646628150857
-156.6646628150857
-156.6646628150857
-156.6646628150857
-156.6646628150857
-156.6646628150857
-156.6646628150857
-156.6646628150857
-156.6646628150857
-156.6646628150857
-156.6646628150857
-156.6646628150857
-156.6646628150857
-156.6646628150857
-156.6646628150857
-156.6646628150857
-156.6646628150857
-156.6646628150857
-156.6646628150857
-156.6646628150857
-156.6646628150857
-156.6646628150857
-156.6646628150857
-156.6646628150857
-156.6646628150857
-156.6646628150857
-156.6646628150857
-156.6646628150857
-156.6646628150857
-156.6646628150857
-156.6646628150857
-156.6646628150857
-156.6646628150857
-156.6646628150857
-156.6646628150857
-156.6646628150857
-156.6646628150857
-156.6646628150857
-156.6646628150857
-156.6646628150857
-156.6646628150857
-156.6646628150857
-156.6646628150857
-156.6646628150857
-156.6646628150857
-156.6646628150857
-156.6646628150857
-156.6646628150857
-156.6646628150857
-156.6646628150857
-156.6646628150857
-156.6646628150857
-156.6646628150857
-156.6646628150857
-156.6646628150857
-156.6646628150857
-156.6646628150857
-156.6646628150857
-156.6646628150857
-156.6646628150857
-156.6646628150857
-156.6646628150857
-156.6646628150857
-156.6646628150857
-156.6646628150857
-156.6646628150857
-156.6646628150857
-156.6646628150857
-156.6646628150857
-156.6646628150857
-156.6646628150857
-156.6646628150857
-156.6646628150857
-156.6646628150857
-156.6646628150857
-156.6646628150857
-156.6646628150857
-156.6646628150857
-156.6646628150857
-156.6646628150857
-156.6646628150857
-156.6646628150857
-156.6646628150857
-156.6646628150857
-156.6646628150857
-156.6646628150857
-156.6646628150857
-156.6646628150857
-156.6646628150857
-156.6646628150857
-156.6646628150857
-156.6646628150857
-156.6646628150857
-156.6646628150857
-156.6646628150857
-156.6646628150857
-156.6646628150857
-156.6646628150857
-156.6646628150857
-156.6646628150857
-156.6646628150857
-156.6646628150857
-156.6646628150857
-156.6646628150857
-156.6646628150857
-156.6646628150857
-156.6646628150857
-156.6646628150857
-156.6646628150857
-156.6646628150857
-156.6646628150857
-156.6646628150857
-156.6646628150857
-156.6646628150857
-156.6646628150857
-156.6646628150857
-156.6646628150857
-156.6646628150857
-156.6646628150857
-156.6646628150857
-156.6646628150857
-156.6646628150857
-156.6646628150857
-156.6646628150857
-156.6646628150857
-156.6646628150857
-156.6646628150857
-156.6646628150857
-156.6646628150857
-156.6646628150857
-156.6646628150857
-156.6646628150857
-156.6646628150857
-156.6646628150857
-156.6646628150857
-156.6646628150857
-156.6646628150857
-156.6646628150857
-156.6646628150857
-156.6646628150857
-156.6646628150857
-156.6646628150857
-156.6646628150857
-156.6646628150857
-156.6646628150857
-156.6646628150857
-156.6646628150857
-156.6646628150857
-156.6646628150857
-156.6646628150857
-156.6646628150857
-156.6646628150857
-156.6646628150857
-156.6646628150857
-156.6646628150857
-156.6646628150857
-156.6646628150857
-156.6646628150857
-156.6646628150857
-156.6646628150857
-156.6646628150857
-156.6646628150857
-156.6646628150857
-156.6646628150857
-156.6646628150857
-156.6646628150857
-156.6646628150857
-156.6646628150857
-156.6646628150857
-156.6646628150857
-156.6646628150857
-156.6646628150857
-156.6646628150857
-156.6646628150857
-156.6646628150857
-156.6646628150857
-156.6646628150857
-156.6646628150857
-156.6646628150857
-156.6646628150857
-156.6646628150857
-156.6646628150857
-156.6646628150857
-156.6646628150857
-156.6646628150857
-156.6646628150857
-156.6646628150857
-156.6646628150857
-156.6646628150857
-156.6646628150857
-156.6646628150857
-156.6646628150857
-156.6646628150857
-156.6646628150857
-156.6646628150857
-156.6646628150857
-156.6646628150857
-156.6646628150857
-156.6646628150857
-156.6646628150857
-156.6646628150857
-156.6646628150857
-156.6646628150857
-156.6646628150857
-156.6646628150857
-156.6646628150857
-156.6646628150857
-156.6646628150857
-156.6646628150857
-156.6646628150857
-156.6646628150857
-156.6646628150857
-156.6646628150857
-156.6646628150857
-156.6646628150857
-156.6646628150857
-156.6646628150857
-156.6646628150857
-156.6646628150857
-156.6646628150857
-156.6646628150857
-156.6646628150857
-156.6646628150857
-156.6646628150857
-156.6646628150857
-156.6646628150857
-156.6646628150857
-156.6646628150857
-156.6646628150857
-156.6646628150857
-156.6646628150857
-156.6646628150857
-156.6646628150857
-156.6646628150857
-156.6646628150857
-156.6646628150857
-156.6646628150857
-156.6646628150857
-156.6646628150857
-156.6646628150857
-156.6646628150857
-156.6646628150857
-156.6646628150857
-156.6646628150857
-156.6646628150857
-156.6646628150857
-156.6646628150857
-156.6646628150857
-156.6646628150857
-156.6646628150857
-156.6646628150857
-156.6646628150857
-156.6646628150857
-156.6646628150857
-156.6646628150857
-156.6646628150857
-156.6646628150857
-156.6646628150857
-156.6646628150857
-156.6646628150857
-156.6646628150857
-156.6646628150857
-156.6646628150857
-156.6646628150857
-156.6646628150857
-156.6646628150857
-156.6646628150857
-156.6646628150857
-156.6646628150857
-156.6646628150857
-156.6646628150857
-156.6646628150857
-156.6646628150857
-156.6646628150857
-156.6646628150857
-156.6646628150857
-156.6646628150857
-156.6646628150857
-156.6646628150857
-156.6646628150857
-156.6646628150857
-156.6646628150857
-156.6646628150857
-156.6646628150857
-156.6646628150857
-156.6646628150857
-156.6646628150857
-156.6646628150857
-156.6646628150857
-156.6646628150857
-156.6646628150857
-156.6646628150857
-156.6646628150857
-156.6646628150857
-156.6646628150857
-156.6646628150857
-156.6646628150857
-156.6646628150857
-156.6646628150857
-156.6646628150857
-156.6646628150857
-156.6646628150857
-156.6646628150857
-156.6646628150857
-156.6646628150857
-156.6646628150857
-156.6646628150857
-156.6646628150857
-156.6646628150857
-156.6646628150857
-156.6646628150857
-156.6646628150857
-156.6646628150857
-156.6646628150857
-156.6646628150857
-156.6646628150857
-156.6646628150857
-156.6646628150857
-156.6646628150857
-156.6646628150857
-156.6646628150857
-156.6646628150857
-156.6646628150857
-156.6646628150857
-156.6646628150857
-156.6646628150857
-156.6646628150857
-156.6646628150857
-156.6646628150857
-156.6646628150857
-156.6646628150857
-156.6646628150857
-156.6646628150857
-156.6646628150857
-156.6646628150857
-156.6646628150857
-156.6646628150857
-156.6646628150857
-156.6646628150857
-156.6646628150857
-156.6646628150857
-156.6646628150857
-156.6646628150857
-156.6646628150857
-156.6646628150857
-156.6646628150857
-156.6646628150857
-156.6646628150857
-156.6646628150857
-156.6646628150857
-156.6646628150857
-156.6646628150857
-156.6646628150857
-156.6646628150857
-156.6646628150857
-156.6646628150857
-156.6646628150857
-156.6646628150857
-156.6646628150857
-156.6646628150857
-156.6646628150857
-156.6646628150857
-156.6646628150857
-156.6646628150857
-156.6646628150857
-156.6646628150857
-156.6646628150857
-156.6646628150857
-156.6646628150857
-156.6646628150857
-156.6646628150857
-156.6646628150857
-156.6646628150857
-156.6646628150857
-156.6646628150857
-156.6646628150857
-156.6646628150857
-156.6646628150857
-156.6646628150857
-156.6646628150857
-156.6646628150857
-156.6646628150857
-156.6646628150857
-156.6646628150857
-156.6646628150857
-156.6646628150857
-156.6646628150857
-156.6646628150857
-156.6646628150857
-156.6646628150857
-156.6646628150857
-156.6646628150857
-156.6646628150857
-156.6646628150857
-156.6646628150857
-156.6646628150857
-156.6646628150857
-156.6646628150857
-156.6646628150857
-156.6646628150857
-156.6646628150857
-156.6646628150857
-156.6646628150857
-156.6646628150857
-156.6646628150857
-156.6646628150857
-156.6646628150857
-156.6646628150857
-156.6646628150857
-156.6646628150857
-156.6646628150857
-156.6646628150857
-156.6646628150857
-156.6646628150857
-156.6646628150857
-156.6646628150857
-156.6646628150857
-156.6646628150857
-156.6646628150857
-156.6646628150857
-156.6646628150857
-156.6646628150857
-156.6646628150857
-156.6646628150857
-156.6646628150857
-156.6646628150857
-156.6646628150857
-156.6646628150857
-156.6646628150857
-156.6646628150857
-156.6646628150857
-156.6646628150857
-156.6646628150857
-156.6646628150857
-156.6646628150857
-156.6646628150857
-156.6646628150857
-156.6646628150857
-156.6646628150857
-156.6646628150857
-156.6646628150857
-156.6646628150857
-156.6646628150857
-156.6646628150857
-156.6646628150857
-156.6646628150857
-156.6646628150857
-156.6646628150857
-156.6646628150857
-156.6646628150857
-156.6646628150857
-156.6646628150857
-156.6646628150857
-156.6646628150857
-156.6646628150857
-156.6646628150857
-156.6646628150857
-156.6646628150857
-156.6646628150857
-156.6646628150857
-156.6646628150857
-156.6646628150857
-156.6646628150857
-156.6646628150857
-156.6646628150857
-156.6646628150857
-156.6646628150857
-156.6646628150857
-156.6646628150857
-156.6646628150857
-156.6646628150857
-156.6646628150857
-156.6646628150857
-156.6646628150857
-156.6646628150857
-156.6646628150857
-156.6646628150857
-156.6646628150857
-156.6646628150857
-156.6646628150857
-156.6646628150857
-156.6646628150857
-156.6646628150857
-156.6646628150857
-156.6646628150857
-156.6646628150857
-156.6646628150857
-156.6646628150857
-156.6646628150857
-156.6646628150857
-156.6646628150857
-156.6646628150857
-156.6646628150857
-156.6646628150857
-156.6646628150857
-156.6646628150857
-156.6646628150857
-156.6646628150857
-156.6646628150857
-156.6646628150857
-156.6646628150857
-156.6646628150857
-156.6646628150857
-156.6646628150857
-156.6646628150857
-156.6646628150857
-156.6646628150857
-156.6646628150857
-156.6646628150857
-156.6646628150857
-156.6646628150857
-156.6646628150857
-156.6646628150857
-156.6646628150857
-156.6646628150857
-156.6646628150857
-156.6646628150857
-156.6646628150857
-156.6646628150857
-156.6646628150857
-156.6646628150857
-156.6646628150857
-156.6646628150857
-156.6646628150857
-156.6646628150857
-156.6646628150857
-156.6646628150857
-156.6646628150857
-156.6646628150857
-156.6646628150857
-156.6646628150857
-156.6646628150857
-156.6646628150857
-156.6646628150857
-156.6646628150857
-156.6646628150857
-156.6646628150857
-156.6646628150857
-156.6646628150857
-156.6646628150857
-156.6646628150857
-156.6646628150857
-156.6646628150857
-156.6646628150857
-156.6646628150857
-156.6646628150857
-156.6646628150857
-156.6646628150857
-156.6646628150857
-156.6646628150857
-156.6646628150857
-156.6646628150857
-156.6646628150857
-156.6646628150857
-156.6646628150857
-156.6646628150857
-156.6646628150857
